# # General sensor definitions.
# sensor_type: camera
# comment: VI-Sensor cam0 (MT9M034)

# # Sensor extrinsics wrt. the body-frame.
# T_BS:
#   cols: 4
#   rows: 4
#   data: [0.0148655429818, -0.999880929698, 0.00414029679422, -0.0216401454975,
#          0.999557249008, 0.0149672133247, 0.025715529948, -0.064676986768,
#         -0.0257744366974, 0.00375618835797, 0.999660727178, 0.00981073058949,
#          0.0, 0.0, 0.0, 1.0]

# # Camera specific definitions.
# rate_hz: 20
# resolution: [752, 480]
# camera_model: pinhole
# intrinsics: [458.654, 457.296, 367.215, 248.375] #fu, fv, cu, cv
# distortion_model: radial-tangential
# distortion_coefficients: [-0.28340811, 0.07395907, 0.00019359, 1.76187114e-05]




# Camera calibration and distortion parameters (OpenCV) 
fx: 458.654
fy: 457.296
cx: 367.215
cy: 248.375

k1: -0.28340811
k2: 0.07395907
p1: 0.00019359
p2: 1.76187114e-05
k3: 0.0

stereo_baseline_times_fx: 386.1448
thdepth: 35

# Color order of the images (0: BGR, 1: RGB. It is ignored if images are grayscale)
RGB: 1

# Camera resolution
width: 752
height: 480

stereo_overlapping_begin: 0
stereo_overlapping_end: 1000



