#dataset name
dataset: TUM-VI

# Camera calibration and distortion parameters (OpenCV) 
fx: 190.97847715128717
fy:	190.9733070521226
cx: 254.93170605935475
cy: 256.8974428996504

k1: 0.0034823894022493434
k2:  0.0007150348452162257
k3: -0.0020532361418706202
k4: 0.00020293673591811182

stereo_baseline_times_fx: 386.1448
thdepth: 40.0

# Color order of the images (0: BGR, 1: RGB. It is ignored if images are grayscale)
RGB: 1

# Camera resolution
width: 512
height: 512

stereo_overlapping_begin: 0
stereo_overlapping_end: 1000





# Transformation from camera to body-frame (imu)
imu__T_b_c1_row1: [-0.9995250378696743, 0.0075019185074052044, -0.02989013031643309, 0.045574835649698026]
imu__T_b_c1_row2: [0.029615343885863205, -0.03439736061393144, -0.998969345370175, -0.071161801837997044]
imu__T_b_c1_row3: [-0.008522328211654736, -0.9993800792498829, 0.03415885127385616, -0.044681254117144367]
imu__T_b_c1_row4: [0.0, 0.0, 0.0, 1.0]


imu__noise_gyro: 0.00016 # 0.004 (VINS) # 0.00016 (TUM) # 0.00016    # rad/s^0.5 
imu__noise_acc: 0.0028 # 0.04 (VINS) # 0.0028 (TUM) # 0.0028     # m/s^1.5
imu__gyro_walk: 0.000022 # 0.000022 (VINS and TUM) rad/s^1.5
imu__acc_walk: 0.00086 # 0.0004 (VINS) # 0.00086 # 0.00086    # m/s^2.5
imu__frequency: 200.0